$ANSIBLE_VAULT;1.1;AES256
33336666393436623332643462326635656337326363393265663562613462356131646462313831
6266326130373430303439366534613335633465353337310a313536353932393131303330323963
39666166343964613138326265323638326165343737653461306630386364613964336666396530
6663626637306365630a643366336435666433616337643165626337643465353836353638313737
35366235393936366438386663353234643466303366633062303532323636353061363533356437
61623365373431383937643536656234393337666366626261376433653564373464393835333032
32346531373032323837303662306464306564643761386330343731393230653337643233396334
66643932613032363239626265343366396137343365373839656536376431633239316264626436
63336364663462313335623865323630323534626665343664366130636632613235306337353463
31306465393233363137303430343938636362666165643831633861613930646434313238623035
32616662383238616539363031656332646230353462663533333834316533306334323864336634
37633339363061633965393437653065303335383563343337643730643237616362633936303365
39633238343530323138323339636434396235356365636665386462323161373938393531326630
35366362366632653065366439383938313764303262666466376162633134643562313237343561
36613430396363306137323439363636306165646234663665333632646638313732333738393832
33613866313136313862623166643131316166343836313861343335353564623631656665313437
36336134653238346330313932333638303265303962646138646231303339343732386463366334
6431313533663634656533373036313164343233363165633363
